Average timing of the given method (# of clock cycles, ticks): 396032  
Average timing of the created method (# of clock cycles, ticks): 25089 

The timing data for all iterations for the given method (# of clock cycles, ticks): 
5855
8983
10554
20636
21282
31567
31586
31684
40336
40770
78669
78932
91128
92714
110888
128475
129870
131044
154230
181384
194464
195772
199285
201852
202212
216457
216739
219651
226367
226505
236881
238351
242983
246640
250391
263693
266939
276205
297419
316836
326452
327307
360137
361399
361482
378324
393355
399610
399654
399756
411766
424624
432187
432352
458127
460883
468544
474256
510013
521120
523718
547274
547359
556961
558410
558443
558518
563429
564613
567957
577398
579121
591974
601970
601986
602026
606202
612247
612261
612319
613101
615679
615817
615928
633874
644157
666527
666555
683160
683704
687393
692539
692869
704377
705929
729033
734892
735054
740109
740790

The timing data for all iterations for the created method (# of clock cycles, ticks): 
2754
3014
3139
3279
3454
3705
3852
4087
4423
4570
4859
4977
5321
5497
10329
10569
10715
10855
11024
11281
11559
11751
12074
12460
12608
15280
15450
15678
15872
22385
22947
24022
24188
24266
24430
24609
24698
24761
27098
27495
27574
27644
27786
27892
28155
28281
28419
28564
28620
28682
28961
29166
29262
29352
29485
29585
29717
30007
30294
30408
30525
30674
30756
30901
30954
30996
31048
31277
31463
31723
31990
32622
32816
33118
33219
33379
33583
33691
35479
35645
35801
36023
37249
37506
37668
37803
38145
38168
38267
38361
38452
38650
38719
39312
39414
39806
39965
40089
40225
40296
